0.736264586
1.835702538
0.927147031
0.368033737
0.926997662
0.746160507
0.573099315
0.316039652
1.302981496
-0.409063369
2.858755112
-0.530679822
-0.796937704
-1.194400072
-0.439529300
-2.283880472
0.347330153
0.700177848
0.694685340
-0.994989693
-1.337388992
1.666202545
0.281930327
-0.843127787
0.256118387
-1.420807242
-0.182848826
-2.038947821
0.439355016
-0.617625475
0.001057144
-0.422894537
-1.434403300
1.033516884
0.939013422
1.969201922
0.798774719
-0.211322695
0.603465915
-0.952454269
-0.822665334
-0.115123756
0.762575030
-0.201440215
-0.526785195
1.287824631
0.143725917
-0.340793669
-0.292582870
-0.852068186
-1.623741388
-0.634295046
-1.209875226
2.296550751
0.793590367
-1.978608727
-0.113783538
0.613277614
-1.050516725
0.745431364
-0.563032925
-2.358095169
2.369942904
0.408976287
-0.394048661
-1.888049245
0.161497086
-0.256471366
1.023393989
0.102791391
-0.664442658
-1.254036665
-1.798897862
-0.692241788
1.039992690
-0.729113221
-1.007560253
0.501551867
0.268301725
-0.597228944
-2.079360485
0.286194265
-0.862742960
0.774890125
2.547984600
-0.784218490
-0.143319771
0.116116688
0.766333282
-1.357772946
0.848429322
-2.406072617
-0.468680233
-0.199983507
2.837640047
0.355042189
-1.036835432
-1.957280755
-1.524271846
1.453400612
0.883493662
3.304476976
-1.791679144
0.771047473
-0.165818900
0.223200604
-0.571498692
-1.725134015
-1.163567185
1.407718539
0.309507221
0.528694510
-0.751399398
2.011110783
0.779872239
0.788363695
-0.642053843
-0.892185390
-1.227597713
-1.213205099
1.572841406
0.530347109
2.706125021
0.448443055
0.495915800
-0.529689670
-0.186108813
-1.348624945
