-0.373387903
0.689675510
0.758767962
-0.180173799
1.755192757
-0.699466586
-1.089480877
-0.201213062
0.300703049
-0.842353046
-0.481921524
1.086464524
-0.022569895
1.199521780
-0.173667893
-2.218311310
0.528857112
-0.621253908
1.181071281
-0.218370184
-0.936930299
-1.321859241
1.102018952
-0.174543336
1.125606775
2.887947798
1.793261290
0.478676230
-0.250725895
1.426538348
2.279839277
0.568636656
-1.314583302
1.490890503
0.715622067
0.942449749
-0.324670851
0.787611485
0.458521396
-1.197947979
-0.024806501
1.223677635
0.061067108
-0.999577999
0.132416844
-0.968856454
-0.356504709
-1.266066790
-0.725134134
2.158436775
-0.791082025
-1.619545460
0.810714602
1.160343766
0.603772342
0.438531727
0.282362729
1.757684469
-0.475448430
0.372467607
-0.101103969
-0.181711257
1.321024060
0.045566089
0.659750819
-1.417329311
-1.488790035
-0.617036402
0.310873270
-0.494507581
-0.084807165
0.023514803
-0.824167073
-1.899310470
-0.947843850
0.994264364
-1.783611774
0.436853111
-0.760368884
-1.594670177
3.010924578
-1.691872001
0.213658676
-0.972936153
0.274555624
1.760301113
1.476376295
0.352456182
-1.625087261
-1.629704118
2.233556747
-1.463401198
-0.226532504
0.895298123
2.928689480
-0.233600140
0.136728927
-0.822425604
-0.863859177
0.513509750
0.131955713
-0.761445582
-0.866421163
1.662570953
1.486573458
-0.449456066
0.191597328
-0.351634830
0.468366712
0.266310364
-0.317863435
0.973493695
0.051950399
-1.597475886
-0.689835191
-0.852289021
-0.263723165
-0.439967662
1.799971342
-0.831000388
-1.168434978
-0.360262841
-0.672054172
2.330140114
-1.112765074
0.069868915
0.395303845
1.803427577
